11
0   29  20  21  16  31  100 12  4   31  18
29  0   15  29  28  40  72  21  29  41  12
20  15  0   15  14  25  81  9   23  27  13
21  29  15  0   4   12  92  12  25  13  25
16  28  14  4   0   16  94  9   20  16  22
31  40  25  12  16  0   95  24  36  3   37
100 72  81  92  94  95  0   90  101 99  84
12  21  9   12  9   24  90  0   15  25  13
4   29  23  25  20  36  101 15  0   35  18
31  41  27  13  16  3   99  25  35  0   38
18  12  13  25  22  37  84  13  18  38  0


7
0 6 0 0 0 0 10
6 0 2 0 0 0 0
0 2 0 30 0 0 0
0 0 30 0 10 22 0
0 0 0 10 0 15 50
0 0 0 22 15 0 8
10 0 0 0 50 8 0

4
0 2 2 1
2 0 3 1
2 3 0 4
1 1 4 0


4
0 1 1 0
1 0 1 0
1 1 0 0
0 0 0 0


5
0 8 5 3 7
8 0 2 9 4
5 2 0 6 1
3 9 6 0 5
7 4 1 5 0

7
5 2 0 0 0 0 1
2 0 4 0 0 0 0
0 4 3 7 0 0 0
0 0 7 6 5 0 0
0 0 0 5 0 9 0
0 0 0 0 9 0 3
1 0 0 0 0 3 8

10
0 5 0 0 2 0 0 0 0 0
5 0 7 0 0 4 0 0 0 0
0 7 0 3 0 0 9 0 0 0
0 0 3 0 0 0 0 6 0 0
2 0 0 0 0 8 0 0 1 0
0 4 0 0 8 0 5 0 0 3
0 0 9 0 0 5 0 2 0 0
0 0 0 6 0 0 2 0 0 7
0 0 0 0 1 0 0 0 0 4
0 0 0 0 0 3 0 7 4 0

15
 0 12  0  0 15  0  0  0  0  0  0  0  0  0  0
12  0  8  0  0  3  0  0  0  0  0  0  0  0  0
 0  8  0 10  0  0  7  0  0  0  0  0  0  0  0
 0  0 10  0  0  0  0 14  0  0  0  0  0  0  0
15  0  0  0  0  9  0  0 18  0  0  0  0  0  0
 0  3  0  0  9  0  6  0  0  4  0  0  0  0  0
 0  0  7  0  0  6  0 11  0  0  5  0  0  0  0
 0  0  0 14  0  0 11  0  0  0  0 13  0  0  0
 0  0  0  0 18  0  0  0  0  2  0  0 16  0  0
 0  0  0  0  0  4  0  0  2  0  8  0  0 19  0
 0  0  0  0  0  0  5  0  0  8  0 20  0  0 17
 0  0  0  0  0  0  0 13  0  0 20  0  0  0  0
 0  0  0  0  0  0  0  0 16  0  0  0  0  1  0
 0  0  0  0  0  0  0  0  0 19  0  0  1  0  3
 0  0  0  0  0  0  0  0  0  0 17  0  0  3  0

 25
 0 12  0  0  0  0  0  0  0  0 15  0  0  0  0  0  0  0  0  0  0  0  0  0  0
12  0  8  0  0  0  0  0  0  0  0  0  0  0  0  0  0  0  0  0  0  0  0  0  0
 0  8  0 10  0  0  0  0  0  0  0  0  0  0  0  0  0  0  0  0  0  0  0  0  0
 0  0 10  0  3  0  0  0  0  0  0  0  0  0  0  0  0  0  0  0  0  0  0  0  0
 0  0  0  3  0  7  0  0  0  0  0  0  0  0  0  0  0  0  0  0  0  0  0  0  0
 0  0  0  0  7  0  5  0  0  0  0  0  0  0  0  0  0  0  0  0  0  0  0  0  0
 0  0  0  0  0  5  0  9  0  0  0  0  0  0  0  0  0  0  0  0  0  0  0  0  0
 0  0  0  0  0  0  9  0  2  0  0  0  0  0  0  0  0  0  0  0  0  0  0  0  0
 0  0  0  0  0  0  0  2  0  4  0  0  0  0  0  0  0  0  0  0  0  0  0  0  0
 0  0  0  0  0  0  0  0  4  0  6  0  0  0  0  0  0  0  0  0  0  0  0  0  0
15  0  0  0  0  0  0  0  0  6  0  0  0  0  0  0  0  0  0  0  0  0  0  0  0
 0  0  0  0  0  0  0  0  0  0  0  0 14  0  0  0  0  0  0  0  0  0  0  0  0
 0  0  0  0  0  0  0  0  0  0  0 14  0 11  0  0  0  0  0  0  0  0  0  0  0
 0  0  0  0  0  0  0  0  0  0  0  0 11  0 13  0  0  0  0  0  0  0  0  0  0
 0  0  0  0  0  0  0  0  0  0  0  0  0 13  0 16  0  0  0  0  0  0  0  0  0
 0  0  0  0  0  0  0  0  0  0  0  0  0  0 16  0 18  0  0  0  0  0  0  0  0
 0  0  0  0  0  0  0  0  0  0  0  0  0  0  0 18  0 20  0  0  0  0  0  0  0
 0  0  0  0  0  0  0  0  0  0  0  0  0  0  0  0 20  0 22  0  0  0  0  0  0
 0  0  0  0  0  0  0  0  0  0  0  0  0  0  0  0  0 22  0 24  0  0  0  0  0
 0  0  0  0  0  0  0  0  0  0  0  0  0  0  0  0  0  0 24  0  1  0  0  0  0
 0  0  0  0  0  0  0  0  0  0  0  0  0  0  0  0  0  0  0  1  0  3  0  0  0
 0  0  0  0  0  0  0  0  0  0  0  0  0  0  0  0  0  0  0  0  3  0  5  0  0
 0  0  0  0  0  0  0  0  0  0  0  0  0  0  0  0  0  0  0  0  0  5  0  7  0
 0  0  0  0  0  0  0  0  0  0  0  0  0  0  0  0  0  0  0  0  0  0  7  0  9
 0  0  0  0  0  0  0  0  0  0  0  0  0  0  0  0  0  0  0  0  0  0  0  9  0

 8
5 12 8 15 7 9 11 14
12 3 6 9 13 4 8 10
8 6 7 11 5 14 12 9
15 9 11 4 16 8 7 13
7 13 5 16 2 10 6 12
9 4 14 8 10 6 15 5
11 8 12 7 6 15 9 17
14 10 9 13 12 5 17 8

10
0 12 25 38 41 59 74 85 92 10
45 0 18 31 44 52 67 78 83 9
29 14 0 22 35 47 62 73 88 8
37 26 19 0 28 39 54 65 79 7
50 33 24 17 0 43 58 69 84 6
61 48 37 29 21 0 49 60 75 5
72 57 46 38 32 23 0 51 66 4
83 68 55 47 39 34 27 0 57 3
94 79 64 56 48 45 36 25 0 2
15 11 9 8 7 6 5 4 3 0

15
0 29 82 46 68 52 72 42 51 55 29 74 23 72 46
29 0 55 46 42 43 43 23 23 31 41 51 11 52 21
82 55 0 68 46 55 23 43 41 29 79 21 64 31 51
46 46 68 0 82 15 72 31 62 42 21 51 51 43 64
68 42 46 82 0 74 23 52 21 46 82 58 46 65 23
52 43 55 15 74 0 61 23 55 31 33 37 51 29 59
72 43 23 72 23 61 0 42 23 31 77 37 51 46 33
42 23 43 31 52 23 42 0 33 15 37 33 33 31 37
51 23 41 62 21 55 23 33 0 29 62 46 29 51 11
55 31 29 42 46 31 31 15 29 0 51 21 41 23 37
29 41 79 21 82 33 77 37 62 51 0 65 42 59 61
74 51 21 51 58 37 37 33 46 21 65 0 61 11 55
23 11 64 51 46 51 51 33 29 41 42 61 0 62 23
72 52 31 43 65 29 46 31 51 23 59 11 62 0 59
46 21 51 64 23 59 33 37 11 37 61 55 23 59 0

10
0 1 99 99 99 99 99 99 99 99
99 0 1 99 99 99 99 99 99 99
99 99 0 1 99 99 99 99 99 99
99 99 99 0 1 99 99 99 99 99
99 99 99 99 0 1 99 99 99 99
99 99 99 99 99 0 1 99 99 99
99 99 99 99 99 99 0 1 99 99
99 99 99 99 99 99 99 0 1 99
99 99 99 99 99 99 99 99 0 1
1 99 99 99 99 99 99 99 99 0

15
0 666 281 412 850 223 488 371 255 467 352 591 448 498 577
666 0 396 295 575 496 244 313 422 237 317 212 248 325 198
281 396 0 142 363 207 228 112 194 165 129 278 200 195 285
412 295 142 0 323 294 145 52 118 165 80 229 150 142 223
850 575 363 323 0 643 478 366 430 488 371 531 396 405 514
223 496 207 294 643 0 325 254 164 319 216 399 243 236 376
488 244 228 145 478 325 0 98 176 22 91 238 127 117 212
371 313 112 52 366 254 98 0 78 120 31 187 98 90 171
255 422 194 118 430 164 176 78 0 154 107 265 164 156 249
467 237 165 165 488 319 22 120 154 0 113 216 105 95 190
352 317 129 80 371 216 91 31 107 113 0 156 67 59 140
591 212 278 229 531 399 238 187 265 216 156 0 101 109 38
448 248 200 150 396 243 127 98 164 105 67 101 0 26 85
498 325 195 142 405 236 117 90 156 95 59 109 26 0 93
577 198 285 223 514 376 212 171 249 190 140 38 85 93 0


20
0 1 0 0 1 1 0 0 0 0 0 0 0 0 0 0 0 0 0 0
1 0 1 0 0 0 1 0 0 0 0 0 0 0 0 0 0 0 0 0
0 1 0 1 0 0 0 0 1 0 0 0 0 0 0 0 0 0 0 0
0 0 1 0 1 0 0 0 0 0 1 0 0 0 0 0 0 0 0 0
1 0 0 1 0 0 0 0 0 0 0 1 0 0 0 0 0 0 0 0
1 0 0 0 0 0 0 0 0 1 0 0 1 0 0 0 0 0 0 0
0 1 0 0 0 0 0 1 0 0 0 0 0 1 0 0 0 0 0 0
0 0 0 0 0 0 1 0 1 0 0 0 0 0 0 1 0 0 0 0
0 0 1 0 0 0 0 1 0 0 0 0 0 0 0 0 1 0 0 0
0 0 0 0 0 1 0 0 0 0 1 0 0 0 1 0 0 0 0 0
0 0 0 1 0 0 0 0 0 1 0 0 0 0 0 0 0 1 0 0
0 0 0 0 1 0 0 0 0 0 0 0 1 0 0 0 0 0 1 0
0 0 0 0 0 1 0 0 0 0 0 1 0 1 0 0 0 0 0 0
0 0 0 0 0 0 1 0 0 0 0 0 1 0 0 0 0 0 0 1
0 0 0 0 0 0 0 0 0 1 0 0 0 0 0 1 0 0 1 0
0 0 0 0 0 0 0 1 0 0 0 0 0 0 1 0 0 0 0 1
0 0 0 0 0 0 0 0 1 0 0 0 0 0 0 0 0 1 0 1
0 0 0 0 0 0 0 0 0 0 1 0 0 0 0 0 1 0 1 0
0 0 0 0 0 0 0 0 0 0 0 1 0 0 1 0 0 1 0 0
0 0 0 0 0 0 0 0 0 0 0 0 0 1 0 1 1 0 0 0